Left:2242
Right:1232
FAST(GPU):34620 usec
Match:2221
Match(GPU):13041 usec
move_x:-706
rotation:0.004269, da:-0.000798, scale:1.007016
Correction(before Kernel)634
correction_mat_left_inv:[0.9999908878262126, 0.004268988702617963, -3.88085224304644;
 -0.004268988702617963, 0.9999908878262126, 5.848286847675467]
Correction(GPU):6584 usec
pHostNum_SAD_Matched:16
sad(GPU):535020 usec
pHostNum_SAD_Matched:28
sad(GPU):504519 usec
pHostNum_SAD_Matched:19
sad(GPU):496897 usec
pHostNum_SAD_Matched:32
sad(GPU):501414 usec
pHostNum_SAD_Matched:27
sad(GPU):503218 usec
SAD(GPU total):2541341 usec
v=-0.002524u + -399.988983
v=-0.001983u + -200.446442
v=-0.001996u + -0.876062
v=-0.001924u + 198.802765
v=-0.001437u + 398.565369
-----y-----
beta:0.00054456
v=-0.001980u + -399.989471
v=-0.001710u + -200.446854
v=-0.001994u + -0.876497
v=-0.002195u + 198.802322
v=-0.001980u + 398.565002
----z------
gamma:-0.0019716
v=-0.000008u + -399.988708
v=0.000262u + -200.446564
v=-0.000023u + -0.876495
v=-0.000223u + 198.801849
v=-0.000008u + 398.564240
-----x-----
alpha:-0.000368381
v=-0.000008u + -400.283539
v=0.000262u + -200.630966
v=-0.000023u + -1.023849
v=-0.000223u + 198.618118
v=-0.000008u + 398.270721
-----dy-----
dy:-1.02385
v=-0.000008u + -399.259705
v=0.000262u + -199.607117
v=-0.000023u + 0.000000
v=-0.000223u + 199.641968
v=-0.000008u + 399.294556
-----dz-----
dz:1.00181
v=-0.000008u + -399.982544
v=0.000262u + -199.968491
v=-0.000023u + 0.000000
v=-0.000223u + 200.003403
v=-0.000008u + 400.017456
----------
Apply rx:259 usec
Total:2614102 usec
---------------------------
Left:2279
Right:1032
FAST(cpu):501193 usec
Match:2259
Match(cpu):379634 usec
move_x:-707
rotation:0.007906, da:0.003495, scale:0.999768
correction_mat_left:[0.9999687440692719, -0.007906382518131739, 7.253378969772129;
 0.007906382518131739, 0.9999687440692719, -10.78742587598023]
Correction(cpu):577047 usec
SAD(cpu):31 points 
SAD(cpu):10562 usec
SAD(cpu):65 points 
SAD(cpu):10585 usec
SAD(cpu):67 points 
SAD(cpu):11141 usec
SAD(cpu):45 points 
SAD(cpu):10505 usec
SAD(cpu):58 points 
SAD(cpu):10662 usec
SAD(cpu total):53735 usec
v=-0.002104u + -405.328949
v=-0.002145u + -204.585297
v=-0.001915u + -3.455975
v=-0.002203u + 197.471985
v=-0.002211u + 398.406677
-----y-----
beta:-5.31207e-05
v=-0.002158u + -405.328918
v=-0.002172u + -204.585251
v=-0.001916u + -3.455934
v=-0.002177u + 197.472031
v=-0.002158u + 398.406738
----z------
gamma:-0.00211611
v=-0.000042u + -405.328003
v=-0.000056u + -204.584763
v=0.000200u + -3.455928
v=-0.000061u + 197.471558
v=-0.000042u + 398.405823
-----x-----
alpha:-0.000315081
v=-0.000042u + -405.583557
v=-0.000056u + -204.743790
v=0.000200u + -3.581970
v=-0.000061u + 197.314850
v=-0.000042u + 398.154846
-----dy-----
dy:-3.58197
v=-0.000042u + -402.001587
v=-0.000056u + -201.161819
v=0.000200u + 0.000000
v=-0.000061u + 200.896820
v=-0.000042u + 401.736816
-----dz-----
dz:0.995349
v=-0.000042u + -400.131958
v=-0.000056u + -200.226257
v=0.000200u + 0.000000
v=-0.000061u + 199.962479
v=-0.000042u + 399.868408
----------
Apply rx(cpu):1381654 usec
Total:2893448 usec
